100
50
Soda loc0 loc1 loc2 loc3 loc4 loc5 loc6 loc7 loc8 loc9 loc10 loc11 loc12 loc13 loc14 loc15 loc16 loc17 loc18 loc19 loc20 loc21 loc22 loc23 loc24 loc25 loc26 loc27 loc28 loc29 loc30 loc31 loc32 loc33 loc34 loc35 loc36 loc37 loc38 loc39 loc40 loc41 loc42 loc43 loc44 loc45 loc46 loc47 loc48 loc49 loc50 loc51 loc52 loc53 loc54 loc55 loc56 loc57 loc58 loc59 loc60 loc61 loc62 loc63 loc64 loc65 loc66 loc67 loc68 loc69 loc70 loc71 loc72 loc73 loc74 loc75 loc76 loc77 loc78 loc79 loc80 loc81 loc82 loc83 loc84 loc85 loc86 loc87 loc88 loc89 loc90 loc91 loc92 loc93 loc94 loc95 loc96 loc97 loc98
loc0 loc2 loc4 loc6 loc8 loc10 loc12 loc14 loc16 loc18 loc20 loc22 loc24 loc26 loc28 loc30 loc32 loc34 loc36 loc38 loc40 loc42 loc44 loc46 loc48 loc50 loc52 loc54 loc56 loc58 loc60 loc62 loc64 loc66 loc68 loc70 loc72 loc74 loc76 loc78 loc80 loc82 loc84 loc86 loc88 loc90 loc92 loc94 loc96 loc98
Soda
x 12 19 6 20 14 18 21 16 18 25 16 17 21 26 24 18 17 23 13 17 12 23 14 12 24 17 17 26 20 21 16 x 3 20 21 x 24 28 19 22 21 13 16 19 18 x 19 18 x 20 20 17 15 x 14 20 14 21 17 19 20 x x x 17 20 18 x 12 14 16 x 10 23 17 22 9 18 25 x 22 17 21 21 16 21 26 17 14 7 20 x 19 x 22 21 24 24 x
12 x x 6 18 22 x 23 18 18 23 23 5 x 22 12 19 15 x x 21 10 23 12 16 17 17 15 19 x 9 x 10 15 22 19 14 22 30 18 18 17 13 14 18 18 28 20 17 24 24 13 17 22 20 12 18 23 24 16 16 21 21 20 20 24 17 18 14 12 14 16 x 8 21 17 20 19 21 29 17 20 19 28 10 18 9 14 x 22 5 22 23 15 20 20 19 24 23 20
19 x x 19 18 16 20 17 16 15 13 14 20 x 19 22 12 16 14 x 16 15 14 14 x x 20 12 19 23 x 19 19 22 8 13 20 19 22 10 22 24 20 17 x 9 17 16 14 13 18 21 22 15 19 16 15 16 x x 21 17 14 13 4 2 9 x 18 19 21 15 18 18 18 12 15 16 27 18 6 20 17 19 19 12 18 14 20 11 18 5 17 22 18 3 13 x 16 22
6 6 19 x 14 18 14 19 13 14 19 19 11 15 23 18 15 x 18 17 17 6 x 8 x 20 17 11 23 14 15 13 7 9 18 18 8 19 x 14 x x 7 10 14 12 x 16 13 18 19 14 14 18 21 8 14 x 20 x 19 17 17 16 15 19 14 12 18 6 8 10 x 4 17 11 16 15 15 25 13 x 15 24 16 14 15 20 11 18 1 18 19 21 17 16 15 20 19 26
20 18 18 14 x x x 9 23 15 23 21 23 18 29 25 14 10 14 25 23 18 18 19 21 17 15 11 12 28 x 17 21 23 18 18 18 21 21 12 26 27 10 20 20 21 x 16 21 20 x x 12 17 17 6 7 20 26 10 18 x 19 5 22 16 23 24 26 9 11 11 23 16 15 25 x 18 20 15 20 x 9 22 x 14 25 17 x 18 13 13 19 x 16 19 x 21 8 x
14 22 16 18 x x 4 21 14 17 x x 26 12 21 17 x 19 16 18 16 19 14 18 13 19 20 18 20 x 16 24 25 16 21 20 19 18 25 14 22 25 15 8 13 23 x 20 12 15 21 12 21 18 17 15 x 15 15 12 x 21 21 7 19 18 17 16 20 14 12 19 25 14 9 20 17 10 23 25 10 8 3 16 22 17 14 15 21 15 x 15 21 20 12 13 x x 10 x
18 x 20 14 x 4 x 20 14 15 24 8 23 16 17 13 11 16 17 18 14 16 14 20 17 15 18 19 16 28 12 24 21 x 19 19 19 22 21 x 18 x 18 4 11 26 19 16 12 11 21 8 20 14 13 19 13 19 16 15 23 17 18 11 20 20 13 20 19 18 16 15 26 10 13 16 20 14 19 27 14 4 7 20 24 15 10 11 17 11 13 17 20 18 14 17 15 x 14 21
21 23 17 19 9 21 20 x 19 9 21 14 x 20 22 28 16 19 20 23 20 x 26 24 15 25 20 20 21 25 17 18 17 18 9 10 23 21 19 16 22 23 16 23 18 22 x 16 17 11 11 21 16 13 19 15 16 17 22 18 17 15 15 14 19 15 x 16 24 15 13 20 26 19 24 25 23 12 24 17 22 16 18 26 24 5 27 22 17 13 18 x 10 x 14 20 21 x 17 24
16 18 16 13 23 14 14 19 x 10 12 9 23 16 16 x x 18 18 4 6 17 14 6 11 15 10 18 19 23 22 10 15 13 19 21 5 x x 15 13 22 13 17 3 22 15 13 2 11 22 19 17 16 14 17 x 19 21 13 21 12 22 20 12 18 12 15 14 14 16 19 x 11 19 15 16 14 12 16 14 10 17 23 25 17 21 17 16 12 13 18 14 19 16 17 16 18 19 23
18 18 15 14 15 17 15 9 10 x 22 7 23 19 22 26 8 x 14 14 12 x 18 16 x 18 16 14 16 28 15 20 8 15 9 15 15 19 20 10 17 x 17 x 9 20 21 9 8 10 19 19 7 11 12 13 8 21 20 12 x 10 15 10 18 13 20 21 19 16 x 18 23 10 20 23 14 x 15 25 21 12 14 x 21 13 21 x 17 4 13 10 15 17 18 18 14 24 x 15
25 23 13 19 23 x 24 21 12 22 x 21 x 17 23 23 25 20 27 16 x 23 25 x 20 22 22 25 30 24 22 x 26 23 20 21 17 x 18 23 25 x 13 22 15 22 26 24 14 23 10 18 23 28 23 17 22 12 26 21 12 24 22 21 17 15 22 x 26 14 16 21 31 21 23 25 26 17 24 16 19 22 17 32 20 16 24 27 28 24 18 x 19 x 19 16 26 24 24 13
16 23 14 19 21 x 8 14 9 7 21 x 28 x x 21 7 20 13 13 14 24 22 15 19 17 18 11 x 27 14 19 15 13 16 14 14 18 13 9 10 22 12 12 11 x 23 8 11 3 x 16 14 10 5 15 15 18 19 11 21 x 20 17 18 12 19 20 18 13 15 x 22 17 21 18 x 19 21 19 14 12 15 19 18 19 18 18 24 3 20 x 14 10 17 13 7 x 19 14
17 5 20 11 23 26 23 x 23 23 x 28 x 24 27 17 24 19 27 25 24 15 x x 21 22 22 20 24 25 14 17 x 20 23 24 19 23 29 23 23 22 18 19 23 23 29 23 22 29 21 18 22 27 25 17 17 28 27 x 11 22 26 19 16 22 15 19 15 17 19 20 27 13 19 18 25 24 26 27 22 25 23 24 15 23 14 19 20 x 10 x 18 20 25 23 x x 22 x
21 x x 15 18 12 16 20 16 19 17 x 24 x 17 20 16 15 18 17 14 x 10 10 x 12 21 13 x 27 20 16 15 19 12 17 21 23 x 14 22 22 21 15 17 13 21 18 18 9 22 19 x 18 15 17 11 20 9 16 17 19 18 x 8 6 13 11 22 20 x 16 x 17 x 16 19 20 28 21 2 20 15 23 20 16 21 18 16 x 14 9 21 18 19 1 9 24 16 26
26 22 19 23 29 21 17 22 16 22 23 x 27 17 x 24 20 24 26 20 10 21 22 22 15 16 20 24 29 27 13 26 27 23 x 22 21 30 x 22 22 30 19 13 13 28 24 19 14 21 13 9 21 22 22 23 23 22 26 24 20 18 25 25 22 21 19 x x 20 22 23 26 19 17 22 22 17 25 19 19 x 21 22 23 17 19 28 26 24 22 24 13 18 19 16 26 26 x 22
24 12 22 18 25 17 13 28 x 26 23 21 17 20 24 x 18 18 23 27 18 19 27 24 23 8 27 17 19 25 16 29 22 27 27 23 24 x 29 19 25 20 25 x 20 x 30 22 21 19 32 15 24 21 25 21 x 18 27 17 26 23 21 24 20 22 15 17 26 24 26 19 15 20 23 12 28 23 21 27 x 17 20 22 22 28 x 14 22 22 17 23 28 x 23 19 18 22 27 23
18 19 12 15 14 x 11 16 x 8 25 7 24 16 20 18 x 18 6 15 13 19 20 13 15 10 14 14 x 20 15 17 16 15 16 x x 11 20 2 12 15 12 7 16 17 x 9 16 10 19 11 14 3 12 x 14 17 12 4 x 10 13 15 16 10 16 14 19 11 13 18 20 13 19 x 14 12 19 20 18 15 18 12 20 13 13 x 18 4 14 7 15 17 10 15 14 x 12 15
17 15 16 x 10 19 16 19 18 x 20 20 19 15 24 18 18 x 23 22 17 15 19 17 12 10 24 17 21 x 16 23 18 15 20 21 19 12 28 19 24 24 18 12 17 19 25 12 16 23 x 16 20 15 x 16 14 14 21 17 8 13 25 15 16 18 25 18 20 17 19 1 16 7 19 22 13 9 26 25 17 20 19 24 18 16 18 26 14 17 10 20 15 15 11 16 20 12 18 23
23 x 14 18 14 16 17 20 18 14 27 13 27 18 26 23 6 23 x 17 17 18 14 12 12 x 8 16 17 14 x 18 22 20 18 10 13 12 22 4 x 20 14 13 15 19 23 15 16 16 21 17 16 8 18 10 11 19 17 6 26 16 15 9 18 12 18 16 20 13 15 23 x 19 19 21 x 14 20 26 20 21 13 14 22 15 17 18 22 x x 9 x 17 12 17 19 26 6 21
13 x x 17 25 18 18 23 4 14 16 13 25 17 20 27 15 22 17 x 10 21 x 10 15 19 14 18 23 x x 14 x 16 21 x 9 22 18 13 9 x 17 21 7 22 19 17 6 15 18 x 21 18 18 19 22 23 20 15 x 16 24 24 9 15 16 12 18 18 20 x 29 15 x 19 x 18 16 12 18 x 21 22 25 21 21 21 20 x 17 18 18 x 20 16 20 22 23 24
17 21 16 17 23 16 14 20 6 12 x 14 24 14 10 18 13 17 17 10 x 11 x 12 5 x 10 15 19 28 23 x 20 14 14 20 11 x x 15 17 20 13 18 3 23 15 x 4 11 21 19 x 16 17 17 17 13 19 16 19 18 20 19 x 16 9 15 x 14 16 18 27 13 21 12 x 8 18 22 12 x 19 23 20 x x 23 20 16 16 18 16 x x 15 19 16 x 27
12 10 15 6 18 19 16 x 17 x 23 24 15 x 21 19 19 15 18 21 11 x x 12 6 23 21 15 24 20 19 19 13 15 20 21 14 24 22 18 18 9 x x 14 18 25 19 15 22 22 18 18 21 20 12 x 14 20 16 20 18 23 20 19 17 x 18 22 x x x 25 8 21 7 x 9 19 22 15 20 19 25 x 16 19 19 15 22 5 19 13 19 11 12 17 24 23 30
23 23 14 x 18 14 14 26 14 18 25 22 x 10 22 27 20 19 14 x x x x 16 21 20 18 23 x 28 17 17 24 26 22 x 19 x 30 x 19 x 12 14 13 14 25 19 12 19 29 13 11 22 24 14 17 26 19 18 23 20 x 15 18 16 x 21 23 11 13 18 28 20 5 26 20 21 19 30 12 18 11 24 29 24 20 25 22 x 18 19 21 26 19 11 x 14 18 25
14 12 14 8 19 18 20 24 6 16 x 15 x 10 22 24 13 17 12 10 12 12 16 x 15 x 16 x 25 21 x 16 15 17 22 x 11 20 25 x 19 21 15 16 9 20 21 19 8 17 x 20 19 16 20 13 19 17 15 9 25 18 18 21 x 16 18 20 20 14 16 18 26 10 20 19 x 12 x 22 8 16 21 x 20 19 21 23 x 17 7 16 20 22 10 11 19 24 18 x
12 16 x x 21 13 17 15 11 x 20 19 21 x 15 23 15 12 12 15 5 6 21 15 x 18 15 10 x 24 x 18 19 9 x 15 16 18 24 13 12 15 18 20 8 23 19 x 9 16 16 24 14 17 x 15 16 8 15 11 19 16 20 18 17 16 14 20 16 x 20 13 22 14 22 13 24 3 22 22 17 15 16 23 15 10 17 22 21 19 11 13 x 13 5 x 14 18 18 24
24 17 x 20 17 19 15 25 15 18 22 17 22 12 16 8 10 10 x 19 x 23 20 x 18 x 19 9 23 25 8 21 26 21 22 15 16 20 21 11 17 x 17 11 12 x 22 14 13 20 x 7 16 13 22 x 19 10 21 9 18 15 18 21 12 x 16 9 23 16 18 11 17 17 x 19 20 15 23 27 14 19 21 21 16 20 17 22 20 14 19 16 20 18 15 11 10 14 21 15
17 17 20 17 15 20 18 20 10 16 22 18 22 21 20 27 14 24 8 14 10 21 18 16 15 19 x 24 9 20 x 20 24 20 21 18 15 x 28 x 23 24 12 21 7 27 x 21 8 15 27 22 18 16 23 14 19 21 25 14 27 22 x 17 16 20 19 19 18 11 9 25 30 17 23 22 23 18 15 22 22 14 18 13 27 x 25 14 24 18 18 17 20 25 20 20 25 18 14 x
17 15 12 11 11 18 19 20 18 14 25 11 20 13 24 17 14 17 16 18 15 15 23 x 10 9 24 x 21 25 17 16 18 x 16 18 x 21 15 12 21 24 18 x 18 17 20 5 19 14 20 16 x 15 16 16 17 13 16 12 x 6 21 x 16 10 17 18 15 17 19 16 19 13 24 x 16 8 21 21 15 23 19 21 7 15 16 16 20 10 10 7 11 18 6 14 4 23 18 16
26 19 19 23 12 20 16 21 19 16 30 x 24 x 29 19 x 21 17 23 19 24 x 25 x 23 9 21 x 29 17 26 23 26 18 17 24 24 28 19 23 15 19 20 16 24 22 17 17 24 20 21 9 23 20 15 19 23 28 19 21 18 12 17 x x 24 23 16 18 18 22 26 22 25 27 24 20 x 26 21 20 21 22 24 22 25 5 29 20 22 14 23 25 x 22 25 9 20 20
20 x 23 14 28 x 28 25 23 28 24 27 25 27 27 25 20 x 14 x 28 20 28 21 24 25 20 25 29 x 24 x 21 23 24 22 22 26 22 18 31 29 21 24 25 26 30 29 25 24 14 28 27 x 22 22 25 28 31 20 24 29 26 x 19 x 28 16 32 x 22 24 10 18 31 25 30 x 28 20 27 31 27 28 22 20 29 24 25 24 15 23 x 27 26 26 29 34 20 26
21 9 x 15 x 16 12 17 22 15 22 14 14 20 13 16 15 16 x x 23 19 17 x x 8 x 17 17 24 x x x 24 x 10 21 25 27 x 9 23 14 8 20 23 19 14 x x 21 4 8 18 19 14 20 18 27 17 19 15 25 22 19 24 24 16 22 15 17 17 14 14 12 26 17 19 16 22 22 16 18 22 15 15 14 22 21 17 14 21 x 19 21 19 18 22 21 23
16 x 19 13 17 24 24 18 10 20 x 19 17 16 26 29 17 23 18 14 x 19 17 16 18 21 20 16 26 x x x 20 13 24 21 5 21 27 15 19 22 15 22 13 22 23 11 12 x 24 25 17 16 24 11 17 11 25 13 16 10 22 19 22 21 22 23 x 14 16 22 26 16 22 x x 15 12 26 18 20 23 18 23 20 x 27 9 16 14 20 15 19 17 17 20 21 x 22
x 10 19 7 21 25 21 17 15 8 26 15 x 15 27 22 16 18 22 x 20 13 24 15 19 26 24 18 23 21 x 20 x 16 17 23 15 12 28 18 25 22 14 17 17 19 29 17 16 18 25 21 14 19 20 15 16 22 24 19 21 18 23 18 17 21 17 19 x 13 15 x 29 11 24 18 22 17 22 22 17 20 22 28 20 19 19 24 18 12 8 x 14 25 19 16 22 x 21 23
3 15 22 9 23 16 x 18 13 15 23 13 20 19 23 27 15 15 20 16 14 15 26 17 9 21 20 x 26 23 24 13 16 x 17 x 8 21 25 16 21 24 16 19 16 21 22 16 15 10 17 22 17 12 18 x x 11 18 x 16 17 19 21 24 x 23 21 19 15 17 16 13 13 25 20 19 6 x 23 21 23 19 18 18 13 24 x 19 11 10 17 18 16 8 20 18 21 22 22
20 22 8 18 18 21 19 9 19 9 20 16 23 12 x 27 16 20 18 21 14 20 22 22 x 22 21 16 18 24 x 24 17 17 x 9 23 23 14 14 26 x 18 23 x 13 25 15 17 19 10 23 16 19 12 19 17 16 21 15 16 14 6 16 12 6 13 15 22 17 19 21 17 17 26 16 18 11 23 16 14 15 20 23 x 4 23 13 24 13 17 9 9 17 13 11 20 x 13 24
21 19 13 18 18 20 19 10 21 15 21 14 24 17 22 23 x 21 10 x 20 21 x x 15 15 18 18 17 22 10 21 23 x 9 x 16 15 19 6 x 13 16 15 18 21 22 x x 17 11 14 18 11 19 12 18 15 20 8 17 x 15 19 9 14 x 6 23 x 17 22 24 17 22 23 21 x 14 17 19 16 23 16 24 5 19 20 22 11 18 11 10 x 14 16 21 26 16 22
x 14 20 8 18 19 19 23 5 15 17 14 19 21 21 24 x 19 13 9 11 14 19 11 16 16 15 x 24 22 21 5 15 8 23 16 x x 24 10 14 17 15 18 8 17 20 16 x 16 25 20 x 11 19 12 x 16 20 8 21 15 17 17 17 x x 18 19 14 x 18 21 12 24 19 11 14 7 21 19 15 21 20 24 21 23 22 11 16 9 15 19 x 14 22 21 x 14 27
24 22 19 19 21 18 22 21 x 19 x 18 23 23 30 x 11 12 12 22 x 24 x 20 18 20 x 21 24 26 25 21 12 21 23 15 x x 25 9 23 26 19 x x 17 28 18 20 21 26 22 21 14 23 15 21 10 23 x 20 17 20 21 23 17 23 21 8 18 20 13 27 x x 22 23 15 x 22 x 26 18 19 21 20 17 23 26 15 20 14 17 18 17 22 25 x 18 x
28 30 22 x 21 25 21 19 x 20 18 13 29 x x 29 20 28 22 18 x 22 30 25 24 21 28 15 28 22 27 27 28 25 14 19 24 25 x x 23 25 24 25 23 23 24 16 24 16 8 x 24 22 18 20 24 26 29 16 26 17 20 22 21 20 24 18 17 23 25 27 x 28 32 21 26 21 29 6 22 x 26 28 22 14 23 27 34 16 x 22 19 23 21 21 11 25 25 18
19 18 10 14 12 14 x 16 15 10 23 9 23 14 22 19 2 19 4 13 15 18 x x 13 11 x 12 19 18 x 15 18 16 14 6 10 9 x x 14 17 10 9 18 15 19 11 17 12 17 13 12 x 14 6 12 15 14 2 23 12 11 13 14 8 14 12 x x 11 19 18 x 19 17 15 10 17 22 16 17 x 10 18 11 13 14 20 6 x 5 16 19 8 13 16 24 x 17
22 18 22 x 26 22 18 22 13 17 25 10 23 22 22 25 12 24 x 9 17 18 19 19 12 17 23 21 23 31 9 19 25 21 26 x 14 23 23 14 x x 22 17 16 19 x x 15 13 23 13 17 9 15 20 25 18 18 16 19 x 25 26 x 22 25 21 27 23 25 24 23 23 21 25 23 15 14 21 x 22 25 13 24 22 19 27 25 13 23 19 24 20 17 23 17 30 23 24
21 17 24 x 27 25 x 23 22 x x 22 22 22 30 20 15 24 20 x 20 9 x 21 15 x 24 24 15 29 23 22 22 24 x 13 17 26 25 17 x x 22 22 23 27 24 24 24 25 24 23 x 12 21 21 27 x 21 19 28 25 17 27 22 22 19 19 31 21 23 25 30 17 30 x 28 18 10 30 24 25 28 27 27 x 26 10 24 19 14 19 22 26 20 21 23 24 x x
13 13 20 7 10 15 18 16 13 17 13 12 18 21 19 25 12 18 14 17 13 x 12 15 18 17 12 18 19 21 14 15 14 16 18 16 15 19 24 10 22 22 x 14 10 19 19 16 11 15 20 10 10 15 17 x 10 21 24 8 22 15 12 x 19 18 21 19 21 1 3 17 x 11 13 x 13 16 18 x 20 17 x 20 23 14 20 19 18 15 8 15 19 16 14 22 15 x x 26
16 14 17 10 20 8 4 23 17 x 22 12 19 15 13 x 7 12 13 21 18 x 14 16 20 11 21 x 20 24 8 22 17 19 23 15 18 x 25 9 17 22 14 x x 22 15 16 15 15 25 4 16 10 17 15 14 21 19 11 19 17 20 x 19 17 17 16 15 15 17 11 22 6 12 20 17 18 15 27 17 8 11 19 23 19 6 15 13 11 9 14 22 19 17 14 18 22 13 17
19 18 x 14 20 13 11 18 3 9 15 11 23 17 13 20 16 17 15 7 3 14 13 9 8 12 7 18 16 25 20 13 17 16 x 18 8 x 23 18 16 23 10 x x x 12 16 1 8 20 x 16 19 16 14 17 16 x 16 x 15 22 19 9 15 12 12 11 11 x 18 29 10 18 15 19 11 15 19 x 7 16 20 23 14 18 20 17 13 x 18 13 21 13 16 18 17 21 24
18 18 9 12 21 23 26 22 22 20 22 x 23 13 28 x 17 19 19 22 23 18 14 20 23 x 27 17 24 26 23 22 19 21 13 21 17 17 23 15 19 27 19 22 x x 26 19 21 22 23 19 19 20 21 15 20 23 22 17 27 18 15 18 x 7 14 16 9 18 20 18 18 16 x 17 6 21 24 17 15 x 20 17 22 17 18 x 23 16 13 10 x 26 x 12 21 28 21 27
x 28 17 x x x 19 x 15 21 26 23 29 21 24 30 x 25 23 19 15 25 25 21 19 22 x 20 22 30 19 23 29 22 25 22 20 28 24 19 x 24 19 15 12 26 x 25 13 x 16 15 27 24 28 21 x x 24 17 26 26 25 27 13 19 24 16 23 18 16 26 20 21 23 27 x 16 21 22 21 19 25 25 23 22 21 x 28 20 x x 25 26 14 x 24 13 28 24
19 20 16 16 16 20 16 16 13 9 24 8 23 18 19 22 9 12 15 17 x 19 19 19 x 14 21 5 17 29 14 11 17 16 15 x 16 18 16 11 x 24 16 16 16 19 25 x 15 11 17 18 8 12 13 14 17 18 17 13 x 1 21 19 17 14 14 14 x 17 19 11 24 18 24 17 x 13 16 22 20 20 23 21 12 11 19 x 19 5 15 11 6 18 11 19 9 20 19 11
18 17 14 13 21 12 12 17 2 8 14 11 22 18 14 21 16 16 16 6 4 15 12 8 9 13 8 19 17 25 x 12 16 15 17 x x 20 24 17 15 24 11 15 1 21 13 15 x 9 21 19 15 18 16 15 16 17 23 15 19 14 23 18 10 16 13 13 12 12 14 17 28 9 17 16 18 x 14 18 x 8 15 21 24 15 x 19 16 12 12 18 12 21 14 17 x 16 21 23
x 24 13 18 20 15 11 11 11 10 23 3 29 9 21 19 10 23 16 15 11 22 19 17 16 20 15 14 24 24 x x 18 10 19 17 16 21 16 12 13 25 15 15 8 22 x 11 9 x x 19 17 13 8 18 x 21 18 14 24 12 23 20 17 x 20 20 19 16 18 22 21 18 23 19 16 16 23 22 x 15 18 22 21 16 x 21 23 6 19 x 17 13 18 10 10 19 22 17
20 24 18 19 x 21 21 11 22 19 10 x 21 22 13 32 19 x 21 18 21 22 29 x 16 x 27 20 20 14 21 24 25 17 10 11 25 26 8 17 23 24 20 25 20 23 16 17 21 x x 22 19 22 22 16 x 18 25 19 x x 12 14 20 x x 17 25 19 21 23 24 22 24 21 24 13 21 6 24 17 18 27 25 6 28 19 28 x 19 19 11 23 15 21 16 25 17 18
20 13 21 14 x 12 8 21 19 19 18 16 18 19 9 15 11 16 17 x 19 18 13 20 24 7 22 16 21 28 4 25 21 22 23 14 20 22 x 13 13 23 10 4 x 19 15 18 19 19 22 x 12 14 20 14 18 17 23 15 15 19 22 18 19 21 21 16 x 11 13 15 18 10 8 24 13 22 16 26 20 12 14 23 19 19 10 19 17 15 13 18 22 15 21 x 17 21 x 21
17 17 22 14 12 21 20 16 17 7 23 14 22 x 21 24 14 20 16 21 x 18 11 19 14 16 18 x 9 27 8 17 14 17 16 18 x 21 24 12 17 x 10 16 16 19 27 8 15 17 19 12 x 17 x 6 x x 23 10 12 9 19 14 25 20 21 22 18 9 11 19 17 16 x 24 15 11 8 25 23 18 18 22 18 13 22 14 21 11 13 17 14 20 13 x x 18 17 x
15 22 15 18 17 18 14 13 16 11 28 10 27 18 22 21 3 15 8 18 16 21 22 16 17 13 16 15 23 x 18 16 19 12 19 11 11 14 22 x 9 12 15 10 19 20 24 12 18 13 22 14 17 x 15 11 17 20 9 7 23 13 16 x 19 13 x 17 22 14 16 x x 16 x 16 x x 18 23 x 18 21 15 x x 16 18 21 7 17 10 18 20 13 18 11 27 14 18
x 20 19 21 17 17 13 19 14 12 23 5 25 15 22 25 12 x 18 18 17 20 24 20 x 22 23 16 20 22 19 24 20 18 12 19 19 23 18 14 15 21 17 17 16 21 28 13 16 8 22 20 x 15 x x 14 13 20 16 26 14 18 12 x x x 25 23 18 x 19 18 22 19 13 15 x 26 20 13 17 16 22 18 16 23 23 27 8 22 14 19 5 x 16 12 27 14 19
14 12 16 8 6 15 19 15 17 13 17 15 17 17 23 21 x 16 10 19 17 12 14 13 15 x 14 16 15 22 14 11 15 x 19 12 12 15 20 6 20 21 x 15 14 15 21 14 15 18 16 14 6 11 x x 6 x x 4 18 15 13 8 20 14 18 18 23 3 5 17 22 10 15 19 9 12 14 21 19 20 12 16 20 17 19 19 15 12 7 11 18 18 10 18 x 24 11 23
20 18 15 14 7 x 13 16 x 8 22 15 17 11 23 x 14 14 11 22 17 x 17 19 16 19 19 17 19 25 20 17 16 x 17 18 x 21 24 12 25 27 10 14 17 20 x 17 16 x x 18 x 17 14 6 x 13 x 10 19 17 x 2 19 13 20 22 24 9 11 13 16 16 x 23 15 13 20 22 13 15 6 x 24 17 20 19 19 12 13 10 12 16 x 12 20 20 5 21
14 23 16 x 20 15 19 17 19 21 12 18 28 20 22 18 17 14 19 23 13 14 26 17 8 10 21 13 23 28 18 11 22 11 16 15 16 10 26 15 18 x 21 21 16 23 x 18 17 21 18 17 x 20 13 x 13 x x 13 22 19 x x 18 17 22 15 18 20 22 15 24 21 24 21 25 5 23 24 22 21 18 25 17 12 25 23 20 x 19 14 17 8 7 19 17 14 x 24
21 24 x 20 26 15 16 22 21 20 26 19 27 9 26 27 12 21 17 20 19 20 19 15 15 21 25 16 28 31 27 25 24 18 21 20 20 23 29 14 18 21 24 19 x 22 24 17 23 18 25 23 23 9 20 x x x x 16 26 16 25 22 17 15 12 x 22 23 25 22 31 17 19 15 21 x 21 26 7 20 18 24 20 19 24 27 21 16 19 18 x x 10 10 18 23 23 27
17 16 x x 10 12 15 18 13 12 21 11 x 16 24 17 4 17 6 15 16 16 18 9 11 9 14 12 19 20 17 13 19 x 15 8 8 x 16 2 16 19 8 11 16 17 17 13 15 14 19 15 10 7 16 4 10 13 16 x x 14 9 12 16 10 14 14 x 7 9 18 x 14 17 17 13 x x 22 17 19 15 12 16 13 15 15 19 8 11 7 18 18 6 15 16 23 12 19
19 16 21 19 18 x 23 17 21 x 12 21 11 17 20 26 x 8 26 x 19 20 23 25 19 18 27 x 21 24 19 16 21 16 16 17 21 20 26 23 19 28 22 19 x 27 26 x 19 24 x 15 12 23 26 18 19 22 26 x x 12 22 21 24 21 25 x x 21 x 9 x 15 22 27 21 17 18 24 19 21 25 30 25 12 25 18 22 18 18 24 7 22 19 18 20 20 20 24
20 21 17 17 x 21 17 15 12 10 24 x 22 19 18 23 10 13 16 16 18 18 20 18 16 15 22 6 18 29 15 10 18 17 14 x 15 17 17 12 x 25 15 17 15 18 26 1 14 12 x 19 9 13 14 15 17 19 16 14 12 x 20 19 16 15 13 13 9 16 18 12 25 19 25 16 16 14 17 x 21 21 23 22 13 10 18 21 19 6 x 12 5 19 12 20 10 19 18 12
x 21 14 17 19 21 18 15 22 15 22 20 26 18 25 21 13 25 15 24 20 23 x 18 20 18 x 21 12 26 25 22 23 19 6 15 17 20 20 11 25 17 12 20 22 15 25 21 23 23 12 22 19 16 18 13 x x 25 9 22 20 x 21 18 x 19 21 23 11 13 24 23 21 23 x 12 17 20 18 20 21 22 21 25 10 x 7 28 x 18 15 15 17 15 17 23 21 19 28
x 20 13 16 5 7 11 14 20 10 21 17 19 x 25 24 15 15 9 24 19 20 15 21 18 21 17 x 17 x 22 19 18 21 16 19 17 21 22 13 26 27 x x 19 18 27 19 18 20 14 18 14 x 12 8 2 x 22 12 21 19 21 x 17 11 18 20 22 11 13 15 18 17 10 21 17 15 x 20 15 15 4 22 22 19 21 17 17 14 15 8 14 17 17 14 19 18 3 19
x 20 4 15 22 19 20 19 12 18 17 18 16 8 22 20 16 16 18 9 x 19 18 x 17 12 16 16 x 19 19 22 17 24 12 9 17 23 21 14 x 22 19 19 9 x 13 17 10 17 20 19 25 19 x 20 19 18 17 16 24 16 18 17 x 6 13 3 20 19 21 17 22 14 22 16 16 20 23 x 10 16 x 20 18 14 22 18 19 15 16 9 19 25 22 7 17 26 20 20
17 24 2 19 16 18 20 15 18 13 15 12 22 6 21 22 10 18 12 15 16 17 16 16 16 x 20 10 x x 24 21 21 x 6 14 x 17 20 8 22 22 18 17 15 7 19 14 16 x x 21 20 13 x 14 13 17 15 10 21 15 x 11 6 x 7 9 16 17 19 17 16 20 20 10 13 14 25 20 8 21 15 17 17 10 17 12 22 9 20 3 15 22 16 5 x 26 14 20
20 17 9 14 23 17 13 x 12 20 22 19 15 13 19 15 16 25 18 16 9 x x 18 14 16 19 17 24 28 24 22 17 23 13 x x 23 24 14 25 19 21 17 12 14 24 14 13 20 x 21 21 x x 18 20 22 12 14 25 13 19 18 13 7 x 16 15 20 22 x 23 18 26 3 20 17 24 18 15 17 20 15 24 17 23 19 25 16 15 10 18 21 19 12 21 25 x 25
18 18 x 12 24 16 20 16 15 21 x 20 19 11 x 17 14 18 16 12 15 18 21 20 20 9 19 18 23 16 16 23 19 21 15 6 18 21 18 12 21 19 19 16 12 16 16 14 13 20 17 16 22 17 25 18 22 15 x 14 x 13 21 20 3 9 16 x 21 18 20 19 25 11 x 19 19 18 20 23 13 19 18 17 19 x x 21 16 17 x 12 16 x 20 10 18 23 22 21
x 14 18 18 26 20 19 24 14 19 26 18 15 22 x 26 19 20 20 18 x 22 23 20 16 23 18 15 16 32 22 x x 19 22 23 19 8 17 x 27 31 21 15 11 9 23 x 12 19 25 x 18 22 23 23 24 18 22 x x 9 23 22 20 16 15 21 x 22 24 21 25 14 27 18 15 13 26 23 24 x 23 26 13 19 9 21 21 x x 17 14 23 15 21 19 x 19 20
12 12 19 6 9 14 18 15 14 16 14 13 17 20 20 24 11 17 13 18 14 x 11 14 x 16 11 17 18 x 15 14 13 15 17 x 14 18 23 x 23 21 1 15 11 18 18 17 12 16 19 11 9 14 18 3 9 20 23 7 21 16 11 11 19 17 20 18 22 x 2 16 24 10 12 17 12 15 17 22 19 18 x 19 x 15 21 18 17 x 7 14 20 15 x 21 16 25 x 25
14 14 21 8 11 12 16 13 16 x 16 15 19 x 22 26 13 19 15 20 16 x 13 16 20 18 9 19 18 22 17 16 15 17 19 17 x 20 25 11 25 23 3 17 x 20 16 19 14 18 21 13 11 16 x 5 11 22 25 9 x 18 13 13 21 19 22 20 24 2 x 18 26 12 14 19 x 17 19 20 21 20 9 21 24 17 20 20 19 17 9 16 22 17 x 23 18 27 16 23
16 16 15 10 11 19 15 20 19 18 21 x 20 16 23 19 18 1 23 x 18 x 18 18 13 11 25 16 22 24 17 22 x 16 21 22 18 13 27 19 24 25 17 11 18 18 26 11 17 22 23 15 19 x 19 17 13 15 22 18 9 12 24 15 17 17 x 19 21 16 18 x 17 8 18 21 12 10 25 26 18 19 x 23 17 17 17 26 15 16 11 20 16 14 12 17 20 13 18 x
x x 18 x 23 25 26 26 x 23 31 22 27 x 26 15 20 16 x 29 27 25 28 26 22 17 30 19 26 10 14 26 29 13 17 24 21 27 x 18 23 30 x 22 29 18 20 24 28 21 24 18 17 x 18 22 16 24 31 x x 25 23 18 22 16 23 25 25 24 26 17 x 23 x 26 x 19 25 30 24 27 22 21 12 x 27 22 x x 23 13 26 23 x 21 x 28 21 x
10 8 18 4 16 14 10 19 11 10 21 17 13 17 19 20 13 7 19 15 13 8 20 10 14 17 17 13 22 18 14 16 11 13 17 17 12 x 28 x 23 17 11 6 10 16 21 18 9 18 22 10 16 16 22 10 16 21 17 14 15 19 21 17 14 20 18 11 14 10 12 8 23 x 18 15 12 16 19 23 15 14 17 23 18 16 12 x 7 x 3 x 21 x 18 18 17 16 19 23
23 21 18 17 15 9 13 24 19 20 23 21 19 x 17 23 19 19 19 x 21 21 5 20 22 x 23 24 25 31 12 22 24 25 26 22 24 x 32 19 21 30 13 12 18 x 23 24 17 23 24 8 x x 19 15 x 24 19 17 22 25 23 10 22 20 26 x 27 12 14 18 x 18 x 24 20 19 24 28 12 17 6 25 27 26 x 24 x 23 16 18 24 23 18 15 23 19 13 29
17 17 12 11 25 20 16 25 15 23 25 18 18 16 22 12 x 22 21 19 12 7 26 19 13 19 22 x 27 25 26 x 18 20 16 23 19 22 21 17 25 x x 20 15 17 27 17 16 19 21 24 24 16 13 19 23 21 15 17 27 16 x 21 16 10 3 19 18 17 19 21 26 15 24 x 21 16 25 15 18 20 23 18 27 20 26 22 22 19 12 13 20 18 18 15 x 28 21 27
22 20 15 16 x 17 20 23 16 14 26 x 25 19 22 28 14 13 x x x x 20 x 24 20 23 16 24 30 17 x 22 19 18 21 11 23 26 15 23 28 13 17 19 6 x x 18 16 24 13 15 x 15 9 15 25 21 13 21 16 12 17 16 13 20 19 15 12 x 12 x 12 20 21 x 21 18 23 21 x 14 11 23 22 23 19 19 10 15 16 21 20 19 18 20 x 20 21
9 19 16 15 18 10 14 12 14 x 17 19 24 20 17 23 12 9 14 18 8 9 21 12 3 15 18 8 20 x 19 15 17 6 11 x 14 15 21 10 15 18 16 18 11 21 16 13 x 16 13 22 11 x x 12 13 5 x x 17 14 17 15 20 14 17 18 13 15 17 10 19 16 19 16 21 x 19 19 19 18 13 20 12 7 20 x 23 16 14 11 12 10 2 19 12 15 18 21
18 21 27 15 20 23 19 24 12 15 24 21 26 28 25 21 19 26 20 16 18 19 19 x 22 23 15 21 x 28 16 12 22 x 23 14 7 x 29 17 14 10 18 15 15 24 21 16 14 23 21 16 8 18 26 14 20 23 21 x 18 17 20 x 23 25 24 20 26 17 19 25 25 19 24 25 18 19 x 27 26 22 26 27 26 19 x 20 18 19 16 22 22 26 21 29 25 26 21 27
25 29 18 25 15 25 27 17 16 25 16 19 27 21 19 27 20 25 26 12 22 22 30 22 22 27 22 21 26 20 22 26 22 23 16 17 21 22 6 22 21 30 x 27 19 17 22 22 18 22 6 26 25 23 20 21 22 24 26 22 24 x 18 20 x 20 18 23 23 22 20 26 30 23 28 15 23 19 27 x 19 23 22 x 19 12 23 23 30 x 25 23 x 25 x 21 17 19 23 12
x 17 6 13 20 10 14 22 14 21 19 14 22 2 19 x 18 17 20 18 12 15 12 8 17 14 22 15 21 27 22 18 17 21 14 19 19 x 22 16 x 24 20 17 x 15 21 20 x x 24 20 23 x 13 19 13 22 7 17 19 21 20 15 10 8 15 13 24 19 21 18 24 15 12 18 21 19 26 19 x 18 13 25 19 18 23 20 14 17 12 11 23 18 17 3 11 26 18 28
22 20 20 x x 8 4 16 10 12 22 12 25 20 x 17 15 20 21 x x 20 18 16 15 19 14 23 20 31 16 20 20 23 15 16 15 26 x 17 22 25 17 8 7 x 19 20 8 15 17 12 18 18 17 20 15 21 20 19 21 21 21 15 16 21 17 19 x 18 20 19 27 14 17 20 x 18 22 23 18 x 11 24 28 11 11 15 21 x 17 21 16 22 18 21 19 24 18 22
17 19 17 15 9 3 7 18 17 14 17 15 23 15 21 20 18 19 13 21 19 19 11 21 16 21 18 19 21 27 18 23 22 19 20 23 21 18 26 x 25 28 x 11 16 20 25 23 15 18 18 14 18 21 16 12 6 18 18 15 25 23 22 4 x 15 20 18 23 x 9 x 22 17 6 23 14 13 26 22 13 11 x 19 25 20 17 x 21 18 14 12 18 21 15 16 22 22 7 23
21 28 19 24 22 16 20 26 23 x 32 19 24 23 22 22 12 24 14 22 23 25 24 x 23 21 13 21 22 28 22 18 28 18 23 16 20 19 28 10 13 27 20 19 20 17 25 21 21 22 27 23 22 15 22 16 x 25 24 12 30 22 21 22 20 17 15 17 26 19 21 23 21 23 25 18 11 20 27 x 25 24 19 x 28 21 20 23 27 16 x 14 26 27 18 22 25 27 x 27
21 10 19 16 x 22 24 24 25 21 20 18 15 20 23 22 20 18 22 25 20 x 29 20 15 16 27 7 24 22 15 23 20 18 x 24 24 21 22 18 24 27 23 23 23 22 23 12 24 21 25 19 18 x 18 20 24 17 20 16 25 13 25 22 18 17 24 19 13 x 24 17 12 18 27 27 23 12 26 19 19 28 25 28 x 19 19 19 15 17 15 14 18 13 10 21 11 27 25 23
16 18 12 14 14 17 15 5 17 13 16 19 23 16 17 28 13 16 15 21 x 16 24 19 10 20 x 15 22 20 15 20 19 13 4 5 21 20 14 11 22 x 14 19 14 17 22 11 15 16 6 19 13 x 16 17 17 12 19 13 12 10 10 19 14 10 17 x 19 15 17 17 x 16 26 20 22 7 19 12 18 11 20 21 19 x 22 17 22 16 13 13 5 17 x x 19 22 17 22
21 9 18 15 25 14 10 27 21 21 24 18 14 21 19 x 13 18 17 21 x 19 20 21 17 17 25 16 25 29 14 x 19 24 23 19 23 17 23 13 19 26 20 6 18 18 21 19 x x 28 10 22 16 23 19 20 25 24 15 25 18 x 21 22 17 23 x 9 21 20 17 27 12 x 26 23 20 x 23 23 11 17 20 19 22 x 21 19 17 14 14 23 24 21 20 12 22 x 11
26 14 14 20 17 15 11 22 17 x 27 18 19 18 28 14 x 26 18 21 23 19 25 23 22 22 14 16 5 24 22 27 24 x 13 20 22 23 27 14 27 10 19 15 20 x x x 19 21 19 19 14 18 23 19 19 23 27 15 18 21 7 17 18 12 19 21 21 18 20 26 22 x 24 22 19 x 20 23 20 15 x 23 19 17 21 x 28 x 19 9 22 24 21 17 x x 20 x
17 x 20 11 x 21 17 17 16 17 28 24 20 16 26 22 18 14 22 20 20 15 22 x 21 20 24 20 29 25 21 9 18 19 24 22 11 26 34 20 25 24 18 13 17 23 28 19 16 23 28 17 21 21 27 15 19 20 21 19 22 19 28 17 19 22 25 16 21 17 19 15 x 7 x 22 19 23 18 30 14 21 21 27 15 22 19 28 x 21 10 25 24 28 21 17 24 23 20 30
14 22 11 18 18 15 11 13 12 4 24 3 x x 24 22 4 17 x x 16 22 x 17 19 14 18 10 20 24 17 16 12 11 13 11 16 15 16 6 13 19 15 11 13 16 20 5 12 6 x 15 11 7 8 12 12 x 16 8 18 6 x 14 15 9 16 17 x x 17 16 x x 23 19 10 16 19 x 17 x 18 16 17 16 17 x 21 x 17 6 11 13 14 14 10 22 x 11
7 5 18 1 13 x 13 18 13 13 18 20 10 14 22 17 14 10 x 17 16 5 18 7 11 19 18 10 22 15 14 14 8 10 17 18 9 20 x x 23 14 8 9 x 13 x 15 12 19 19 13 13 17 22 7 13 19 19 11 18 x 18 15 16 20 15 x x 7 9 11 23 3 16 12 15 14 16 25 12 17 14 x 15 13 14 19 10 17 x 17 18 20 x x x 19 18 25
20 22 5 18 13 15 17 x 18 10 x x x 9 24 23 7 20 9 18 18 19 19 16 13 16 17 7 14 23 21 20 x 17 9 11 15 14 22 5 19 19 15 14 18 10 x 11 18 x 19 18 17 10 14 11 10 14 18 7 24 12 15 8 9 3 10 12 17 14 16 20 13 x 18 13 16 11 22 23 11 21 12 14 14 13 14 9 25 6 17 x x 19 13 8 11 x x 17
x 23 17 19 19 21 20 10 14 15 19 14 18 21 13 28 15 15 x 18 16 13 21 20 x 20 20 11 23 x x 15 14 18 9 10 19 17 19 16 24 22 19 22 13 x 25 6 12 17 11 22 14 18 19 18 12 17 x 18 7 5 15 14 19 15 18 16 14 20 22 16 26 21 24 20 21 12 22 x 23 16 18 26 18 5 23 22 24 11 18 x x 15 14 20 15 24 13 17
19 15 22 21 x 20 18 x 19 17 x 10 20 18 18 x 17 15 17 x x 19 26 22 13 18 25 18 25 27 19 19 25 16 17 x x 18 23 19 20 26 16 19 21 26 26 18 21 13 23 15 20 20 5 18 16 8 x 18 22 19 17 17 25 22 21 x 23 15 17 14 23 x 23 18 20 10 26 25 18 22 21 27 13 17 24 24 28 13 20 19 15 x 12 19 17 22 19 16
x 20 18 17 16 12 14 14 16 18 19 17 25 19 19 23 10 11 12 20 x 11 19 10 5 15 20 6 x 26 21 17 19 8 13 14 14 17 21 8 17 20 14 17 13 x 14 11 14 18 15 21 13 13 x 10 x 7 10 6 19 12 15 17 22 16 19 20 15 x x 12 x 18 18 18 19 2 21 x 17 18 15 18 10 x 21 21 21 14 x 13 14 12 x 20 10 17 x 19
22 20 3 16 19 13 17 20 17 18 16 13 23 1 16 19 15 16 17 16 15 12 11 11 x 11 20 14 22 26 19 17 16 20 11 16 22 22 21 13 23 21 22 14 16 12 x 19 17 10 21 x x 18 16 18 12 19 10 15 18 20 17 14 7 5 12 10 21 21 23 17 21 18 15 15 18 19 29 21 3 21 16 22 21 x 20 17 17 14 x 8 20 19 20 x 10 25 17 25
21 19 13 15 x x 15 21 16 14 26 7 x 9 26 18 14 20 19 20 19 17 x 19 14 10 25 4 25 29 18 20 22 18 20 21 21 25 11 16 17 23 15 18 18 21 24 9 x 10 16 17 x 11 12 x 20 17 18 16 20 10 23 19 17 x 21 18 19 16 18 20 x 17 23 x 20 12 25 17 11 19 22 25 11 19 12 x 24 10 x 11 15 17 10 10 x 24 22 20
24 24 x 20 21 x x x 18 24 24 x x 24 26 22 x 12 26 22 16 24 14 24 18 14 18 23 9 34 22 21 x 21 x 26 x x 25 24 30 24 x 22 17 28 13 20 16 19 25 21 18 27 27 24 20 14 23 23 20 19 21 18 26 26 25 23 x 25 27 13 28 16 19 28 x 15 26 19 26 24 22 27 27 22 22 x 23 22 19 x 24 22 17 25 24 x 21 11
24 23 16 19 8 10 14 17 19 x 24 19 22 16 x 27 12 18 6 23 x 23 18 18 18 21 14 18 20 20 21 x 21 22 13 16 14 18 25 x 23 x x 13 21 21 28 19 21 22 17 x 17 14 14 11 5 x 23 12 20 18 19 3 20 14 x 22 19 x 16 18 21 19 13 21 20 18 21 23 18 18 7 x 25 17 x 20 20 x 18 x 13 19 x 17 22 21 x 17
x 20 22 26 x x 21 24 23 15 13 14 x 26 22 23 15 23 21 24 27 30 25 x 24 15 x 16 20 26 23 22 23 22 24 22 27 x 18 17 24 x 26 17 24 27 24 11 23 17 18 21 x 18 19 23 21 24 27 19 24 12 28 19 20 20 25 21 20 25 23 x x 23 29 27 21 21 27 12 28 22 23 27 23 22 11 x 30 11 25 17 17 16 19 25 20 11 17 x
