50
25
Soda loc0 loc1 loc2 loc3 loc4 loc5 loc6 loc7 loc8 loc9 loc10 loc11 loc12 loc13 loc14 loc15 loc16 loc17 loc18 loc19 loc20 loc21 loc22 loc23 loc24 loc25 loc26 loc27 loc28 loc29 loc30 loc31 loc32 loc33 loc34 loc35 loc36 loc37 loc38 loc39 loc40 loc41 loc42 loc43 loc44 loc45 loc46 loc47 loc48
loc0 loc2 loc4 loc6 loc8 loc10 loc14 loc15 loc16 loc18 loc20 loc21 loc24 loc29 loc34 loc37 loc40 loc41 loc42 loc43 loc44 loc45 loc46 loc47 loc48
Soda
 0 13 13 15 8 5 21 0 10 12 16 23 17 16 15 14 0 12 12 9 0 9 1 12 13 13 15 0 15 0 6 0 0 16 0 0 9 14 0 8 0 0 0 0 0 0 0 0 0 0 
13 0 0 0 7 10 16 8 0 12 8 17 13 0 0 0 23 14 11 15 0 8 0 6 18 0 11 0 2 15 12 10 1 0 6 6 11 0 12 5 0 0 0 0 0 0 0 0 0 0 
13 0 0 10 11 0 0 0 13 19 18 12 9 8 0 11 0 1 13 11 19 12 14 0 0 13 7 21 0 10 0 17 14 0 15 13 0 0 0 14 0 0 0 0 0 0 0 0 0 0 
15 0 10 0 13 10 6 3 12 18 0 0 4 0 13 13 16 0 3 0 18 13 14 16 15 0 6 18 13 12 19 13 0 1 7 5 6 11 13 10 0 0 0 0 0 0 0 0 0 0 
8 7 11 13 0 3 19 10 8 0 15 21 0 0 15 14 0 0 0 0 14 1 9 13 16 7 13 0 9 0 14 16 6 14 10 11 0 0 16 0 0 0 0 0 0 0 0 0 0 0 
5 10 0 10 3 0 16 7 5 11 0 18 0 0 12 11 21 0 13 11 17 4 6 15 0 0 10 0 12 0 11 13 0 11 13 14 4 0 0 0 0 0 0 0 0 0 0 0 0 0 
21 16 0 6 19 16 0 0 0 20 16 24 0 11 7 0 10 15 9 0 16 19 20 10 21 15 12 22 0 18 0 0 16 0 13 0 12 16 19 16 0 0 0 0 0 0 0 0 0 0 
 0 8 0 3 10 7 0 0 12 18 0 15 0 0 16 0 15 6 6 10 15 0 0 0 12 6 3 20 0 0 18 16 7 4 0 8 3 0 10 7 0 0 0 0 0 0 0 0 0 0 
10 0 13 12 8 5 0 12 0 6 16 23 16 0 7 16 0 0 0 16 18 7 11 10 15 15 15 0 0 15 12 8 0 0 18 0 0 14 18 0 0 0 0 0 0 0 0 0 0 0 
12 12 19 18 0 11 20 18 6 0 0 29 0 22 0 14 30 18 0 0 12 13 0 12 21 0 21 0 14 20 6 0 0 19 18 18 15 0 24 0 0 0 0 0 0 0 0 0 0 0 
16 8 18 0 15 0 16 0 16 0 0 23 13 12 0 18 0 0 19 19 11 16 17 0 22 0 11 0 6 19 16 8 0 18 14 0 17 16 18 0 0 0 0 0 0 0 0 0 0 0 
23 17 12 0 21 18 24 15 23 29 23 0 0 13 25 21 0 11 21 0 23 22 24 23 0 17 0 31 0 20 29 0 16 19 11 0 14 0 5 20 0 0 0 0 0 0 0 0 0 0 
17 13 9 4 0 0 0 0 16 0 13 0 0 1 0 15 0 10 7 15 20 16 18 19 17 0 2 22 15 14 23 17 12 5 11 9 8 13 9 11 0 0 0 0 0 0 0 0 0 0 
16 0 8 0 0 0 11 0 0 22 12 13 1 0 0 0 18 9 0 0 19 0 17 18 16 10 1 0 14 0 22 18 11 0 12 10 7 12 8 0 0 0 0 0 0 0 0 0 0 0 
15 0 0 13 15 12 7 16 7 0 0 25 0 0 0 11 0 17 0 0 12 14 0 3 0 11 19 15 7 0 0 1 0 13 0 0 14 9 0 14 0 0 0 0 0 0 0 0 0 0 
14 0 11 13 14 11 0 0 16 14 18 21 15 0 11 0 0 10 0 0 0 15 13 0 16 9 0 14 13 13 8 10 10 14 15 13 7 2 0 0 0 0 0 0 0 0 0 0 0 0 
 0 23 0 16 0 21 10 15 0 30 0 0 0 18 0 0 0 19 19 25 26 17 0 20 0 21 18 32 24 24 26 18 22 16 23 20 0 23 25 22 0 0 0 0 0 0 0 0 0 0 
12 14 1 0 0 0 15 6 0 18 0 11 10 9 17 10 19 0 12 10 18 0 13 20 12 0 8 20 0 9 18 0 13 0 16 14 3 8 6 0 0 0 0 0 0 0 0 0 0 0 
12 11 13 3 0 13 9 6 0 0 19 21 7 0 0 0 19 12 0 0 18 10 11 17 18 12 0 0 0 15 16 16 0 4 10 8 0 14 16 13 0 0 0 0 0 0 0 0 0 0 
9 15 11 0 0 11 0 10 16 0 19 0 15 0 0 0 25 10 0 0 8 15 8 15 4 14 13 17 13 1 0 0 15 0 20 0 7 0 16 0 0 0 0 0 0 0 0 0 0 0 
 0 0 19 18 14 17 16 15 18 12 11 23 20 19 12 0 26 18 18 8 0 0 12 0 12 9 18 0 5 9 7 13 8 17 0 0 15 12 0 12 0 0 0 0 0 0 0 0 0 0 
9 8 12 13 1 4 19 0 7 13 16 22 16 0 14 15 17 0 10 15 0 0 10 14 17 8 0 21 10 14 0 15 0 14 0 12 8 0 17 11 0 0 0 0 0 0 0 0 0 0 
1 0 14 14 9 6 20 0 11 0 17 24 18 17 0 13 0 13 11 8 12 10 0 11 12 14 0 11 15 9 5 0 13 15 18 18 0 15 19 9 0 0 0 0 0 0 0 0 0 0 
12 6 0 16 13 15 10 0 10 12 0 23 19 18 3 0 20 20 17 15 0 14 11 0 0 8 0 0 4 16 6 0 0 16 12 0 17 12 18 11 0 0 0 0 0 0 0 0 0 0 
13 18 0 15 16 0 21 12 15 21 22 0 17 16 0 16 0 12 18 4 12 17 12 0 0 16 15 13 16 3 0 0 17 0 22 12 9 0 0 19 0 0 0 0 0 0 0 0 0 0 
13 0 13 0 7 0 15 6 15 0 0 17 0 10 11 9 21 0 12 14 9 8 14 8 16 0 0 20 4 13 14 0 1 8 6 4 9 11 12 5 0 0 0 0 0 0 0 0 0 0 
15 11 7 6 13 10 12 3 15 21 11 0 2 1 19 0 18 8 0 13 18 0 0 0 15 0 0 23 0 12 21 19 10 7 12 11 6 11 7 10 0 0 0 0 0 0 0 0 0 0 
 0 0 21 18 0 0 22 20 0 0 0 31 22 0 15 14 32 20 0 17 0 21 11 0 13 20 23 0 16 16 6 16 19 19 24 23 0 12 0 20 0 0 0 0 0 0 0 0 0 0 
15 2 0 13 9 12 0 0 0 14 6 0 15 14 7 13 24 0 0 13 5 10 15 4 16 4 0 16 0 13 0 0 0 12 8 8 0 0 0 0 0 0 0 0 0 0 0 0 0 0 
 0 15 10 12 0 0 18 0 15 20 19 20 14 0 0 13 24 9 15 1 9 14 9 16 3 13 12 16 13 0 14 0 14 13 19 9 6 11 15 16 0 0 0 0 0 0 0 0 0 0 
6 12 0 19 14 11 0 18 12 6 16 29 23 22 0 8 26 18 16 0 7 0 5 6 0 14 21 6 0 14 0 0 13 20 18 18 0 10 24 14 0 0 0 0 0 0 0 0 0 0 
 0 10 17 13 16 13 0 16 8 0 8 0 17 18 1 10 18 0 16 0 13 15 0 0 0 0 19 16 0 0 0 0 11 12 16 0 0 8 19 0 0 0 0 0 0 0 0 0 0 0 
 0 1 14 0 6 0 16 7 0 0 0 16 12 11 0 10 22 13 0 15 8 0 13 0 17 1 10 19 0 14 13 11 0 0 5 5 0 0 11 4 5 0 0 0 0 0 0 0 0 0 
16 0 0 1 14 11 0 4 0 19 18 19 5 0 13 14 16 0 4 0 17 14 15 16 0 8 7 19 12 13 20 12 0 0 8 4 7 0 14 11 0 0 0 0 0 0 0 0 0 0 
 0 6 15 7 10 13 13 0 18 18 14 11 11 12 0 15 23 16 10 20 0 0 18 12 22 6 12 24 8 19 18 16 5 8 0 10 13 17 0 0 0 0 0 0 0 0 0 0 0 0 
 0 6 13 5 11 14 0 8 0 18 0 0 9 10 0 13 20 14 8 0 0 12 18 0 12 4 11 23 8 9 18 0 5 4 10 0 11 15 0 0 0 0 0 0 0 0 0 0 0 0 
9 11 0 6 0 4 12 3 0 15 17 14 8 7 14 7 0 3 0 7 15 8 0 17 9 9 6 0 0 6 0 0 0 7 13 11 0 5 9 10 0 0 0 0 0 0 0 0 0 11 
14 0 0 11 0 0 16 0 14 0 16 0 13 12 9 2 23 8 14 0 12 0 15 12 0 11 11 12 0 11 10 8 0 0 17 15 5 0 14 15 0 0 0 0 0 0 0 0 0 0 
 0 12 0 13 16 0 19 10 18 24 18 5 9 8 0 0 25 6 16 16 0 17 19 18 0 12 7 0 0 15 24 19 11 14 0 0 9 14 0 0 0 0 0 0 0 0 0 0 0 0 
8 5 14 10 0 0 16 7 0 0 0 20 11 0 14 0 22 0 13 0 12 11 9 11 19 5 10 20 0 16 14 0 4 11 0 0 10 15 0 0 0 0 0 0 0 0 0 0 0 0 
 0 0 0 0 0 0 0 0 0 0 0 0 0 0 0 0 0 0 0 0 0 0 0 0 0 0 0 0 0 0 0 0 5 0 0 0 0 0 0 0 0 11 0 0 0 0 0 0 0 0 
 0 0 0 0 0 0 0 0 0 0 0 0 0 0 0 0 0 0 0 0 0 0 0 0 0 0 0 0 0 0 0 0 0 0 0 0 0 0 0 0 11 0 13 0 0 0 0 0 0 0 
 0 0 0 0 0 0 0 0 0 0 0 0 0 0 0 0 0 0 0 0 0 0 0 0 0 0 0 0 0 0 0 0 0 0 0 0 0 0 0 0 0 13 0 10 0 0 0 0 0 0 
 0 0 0 0 0 0 0 0 0 0 0 0 0 0 0 0 0 0 0 0 0 0 0 0 0 0 0 0 0 0 0 0 0 0 0 0 0 0 0 0 0 0 10 0 1000 0 0 0 0 11 
 0 0 0 0 0 0 0 0 0 0 0 0 0 0 0 0 0 0 0 0 0 0 0 0 0 0 0 0 0 0 0 0 0 0 0 0 0 0 0 0 0 0 0 1000 0 1 0 0 0 0 
 0 0 0 0 0 0 0 0 0 0 0 0 0 0 0 0 0 0 0 0 0 0 0 0 0 0 0 0 0 0 0 0 0 0 0 0 0 0 0 0 0 0 0 0 1 0 1000 0 0 0 
 0 0 0 0 0 0 0 0 0 0 0 0 0 0 0 0 0 0 0 0 0 0 0 0 0 0 0 0 0 0 0 0 0 0 0 0 0 0 0 0 0 0 0 0 0 1000 0 7 0 0 
 0 0 0 0 0 0 0 0 0 0 0 0 0 0 0 0 0 0 0 0 0 0 0 0 0 0 0 0 0 0 0 0 0 0 0 0 0 0 0 0 0 0 0 0 0 0 7 0 5 0 
 0 0 0 0 0 0 0 0 0 0 0 0 0 0 0 0 0 0 0 0 0 0 0 0 0 0 0 0 0 0 0 0 0 0 0 0 0 0 0 0 0 0 0 0 0 0 0 5 0 17 
 0 0 0 0 0 0 0 0 0 0 0 0 0 0 0 0 0 0 0 0 0 0 0 0 0 0 0 0 0 0 0 0 0 0 0 0 11 0 0 0 0 0 0 11 0 0 0 0 17 0 
